service_id,date,exception_type
104497,20211125,2
104497,20211021,1
104497,20211202,1
104497,20211223,1
104497,20220120,1
104497,20211118,1
104497,20220317,1
104497,20220113,1
104497,20211216,1
104497,20220310,1
104497,20220210,1
104497,20211111,1
104497,20220106,1
104497,20211209,1
104497,20220303,1
104497,20220203,1
104497,20211230,1
104497,20220224,1
104497,20220127,1
104497,20211014,1
104497,20220217,1
104497,20211104,1
104497,20211028,1
104497,20211224,2
104497,20211231,2
104497,20211029,1
104497,20211022,1
104497,20211015,1
104497,20211203,1
104497,20211126,1
104497,20220121,1
104497,20211119,1
104497,20220318,1
104497,20220114,1
104497,20211217,1
104497,20220311,1
104497,20220211,1
104497,20211112,1
104497,20211210,1
104497,20220107,1
104497,20220304,1
104497,20220204,1
104497,20220225,1
104497,20220128,1
104497,20220218,1
104497,20211105,1
104039,20220221,2
104039,20220117,2
104039,20211115,1
104039,20220314,1
104039,20220110,1
104039,20211213,1
104039,20220307,1
104039,20220207,1
104039,20220103,1
104039,20211206,1
104039,20220228,1
104039,20220131,1
104039,20220124,1
104039,20211101,1
104039,20211025,1
104039,20211018,1
104039,20211108,1
104039,20211129,1
104039,20211227,1
104039,20211122,1
104039,20211220,1
104039,20220214,1
104039,20211125,2
104039,20211021,1
104039,20211202,1
104039,20211223,1
104039,20220120,1
104039,20211118,1
104039,20220317,1
104039,20220113,1
104039,20211216,1
104039,20220310,1
104039,20220210,1
104039,20211111,1
104039,20220106,1
104039,20211209,1
104039,20220303,1
104039,20220203,1
104039,20211230,1
104039,20220224,1
104039,20220127,1
104039,20211014,1
104039,20220217,1
104039,20211104,1
104039,20211028,1
100942,20211125,2
100942,20211021,1
100942,20211202,1
100942,20211223,1
100942,20220120,1
100942,20211118,1
100942,20220317,1
100942,20220113,1
100942,20211216,1
100942,20220310,1
100942,20220210,1
100942,20211111,1
100942,20220106,1
100942,20211209,1
100942,20220303,1
100942,20220203,1
100942,20211230,1
100942,20220224,1
100942,20220127,1
100942,20220217,1
100942,20211104,1
100942,20211028,1
100942,20211224,2
100942,20211231,2
100942,20211029,1
100942,20211022,1
100942,20211203,1
100942,20211126,1
100942,20220121,1
100942,20211119,1
100942,20220318,1
100942,20220114,1
100942,20211217,1
100942,20220311,1
100942,20220211,1
100942,20211112,1
100942,20211210,1
100942,20220107,1
100942,20220304,1
100942,20220204,1
100942,20220128,1
100942,20220225,1
100942,20220218,1
100942,20211105,1
100484,20220221,2
100484,20220117,2
100484,20211115,1
100484,20220314,1
100484,20220110,1
100484,20211213,1
100484,20220307,1
100484,20220207,1
100484,20220103,1
100484,20211206,1
100484,20220228,1
100484,20220131,1
100484,20220124,1
100484,20211101,1
100484,20211025,1
100484,20211018,1
100484,20211108,1
100484,20211129,1
100484,20211227,1
100484,20211122,1
100484,20211220,1
100484,20220214,1
100484,20211125,2
100484,20211021,1
100484,20211202,1
100484,20211223,1
100484,20220120,1
100484,20211118,1
100484,20220317,1
100484,20220113,1
100484,20211216,1
100484,20220310,1
100484,20220210,1
100484,20211111,1
100484,20220106,1
100484,20211209,1
100484,20220303,1
100484,20220203,1
100484,20211230,1
100484,20220224,1
100484,20220127,1
100484,20220217,1
100484,20211104,1
100484,20211028,1
98891,20220221,2
98891,20220117,2
98891,20211115,1
98891,20220314,1
98891,20220110,1
98891,20211213,1
98891,20220307,1
98891,20220207,1
98891,20220103,1
98891,20211206,1
98891,20220228,1
98891,20220131,1
98891,20220124,1
98891,20211101,1
98891,20211025,1
98891,20211018,1
98891,20211108,1
98891,20211129,1
98891,20211227,1
98891,20211122,1
98891,20211220,1
98891,20220214,1
98891,20211125,2
98891,20211021,1
98891,20211202,1
98891,20211223,1
98891,20220120,1
98891,20211118,1
98891,20220317,1
98891,20220113,1
98891,20211216,1
98891,20220310,1
98891,20220210,1
98891,20211111,1
98891,20220106,1
98891,20211209,1
98891,20220303,1
98891,20220203,1
98891,20211230,1
98891,20220224,1
98891,20220127,1
98891,20220217,1
98891,20211104,1
98891,20211028,1
98891,20211126,2
98891,20211224,2
98891,20211231,2
98891,20211029,1
98891,20211022,1
98891,20211203,1
98891,20220121,1
98891,20211119,1
98891,20220318,1
98891,20220114,1
98891,20211217,1
98891,20220311,1
98891,20220211,1
98891,20211112,1
98891,20211210,1
98891,20220107,1
98891,20220204,1
98891,20220304,1
98891,20220128,1
98891,20220225,1
98891,20220218,1
98891,20211105,1
94367,20220221,2
94367,20211227,2
94367,20220117,2
94367,20211220,2
94367,20211115,1
94367,20220314,1
94367,20220110,1
94367,20211213,1
94367,20220307,1
94367,20220207,1
94367,20220103,1
94367,20211206,1
94367,20220131,1
94367,20220228,1
94367,20220124,1
94367,20211101,1
94367,20211025,1
94367,20211018,1
94367,20211108,1
94367,20211129,1
94367,20211122,1
94367,20220214,1
94367,20211221,2
94367,20211228,2
94367,20220222,2
94367,20211123,1
94367,20220118,1
94367,20220215,1
94367,20211116,1
94367,20220315,1
94367,20211214,1
94367,20220111,1
94367,20220308,1
94367,20220208,1
94367,20211109,1
94367,20211207,1
94367,20220104,1
94367,20220201,1
94367,20220301,1
94367,20220125,1
94367,20211102,1
94367,20211026,1
94367,20211019,1
94367,20211130,1
94367,20211222,2
94367,20211229,2
94367,20220223,2
94367,20211201,1
94367,20211124,1
94367,20220119,1
94367,20211117,1
94367,20220316,1
94367,20211215,1
94367,20220112,1
94367,20220309,1
94367,20220209,1
94367,20211110,1
94367,20211208,1
94367,20220105,1
94367,20220302,1
94367,20220202,1
94367,20220126,1
94367,20211013,1
94367,20220216,1
94367,20211103,1
94367,20211027,1
94367,20211020,1
94367,20211125,2
94367,20211223,2
94367,20211230,2
94367,20220224,2
94367,20211021,1
94367,20211202,1
94367,20220120,1
94367,20211118,1
94367,20220317,1
94367,20220113,1
94367,20211216,1
94367,20220310,1
94367,20220210,1
94367,20211111,1
94367,20220106,1
94367,20211209,1
94367,20220303,1
94367,20220203,1
94367,20220127,1
94367,20211014,1
94367,20220217,1
94367,20211104,1
94367,20211028,1
94367,20211126,2
94367,20211224,2
94367,20211231,2
94367,20220225,2
94367,20211029,1
94367,20211022,1
94367,20211015,1
94367,20211203,1
94367,20220121,1
94367,20211119,1
94367,20220318,1
94367,20220114,1
94367,20211217,1
94367,20220311,1
94367,20220211,1
94367,20211112,1
94367,20211210,1
94367,20220107,1
94367,20220204,1
94367,20220304,1
94367,20220128,1
94367,20220218,1
94367,20211105,1
92821,20220221,2
92821,20211227,2
92821,20220117,2
92821,20211220,2
92821,20211115,1
92821,20220314,1
92821,20220110,1
92821,20211213,1
92821,20220307,1
92821,20220207,1
92821,20220103,1
92821,20211206,1
92821,20220131,1
92821,20220228,1
92821,20220124,1
92821,20211101,1
92821,20211025,1
92821,20211018,1
92821,20211108,1
92821,20211129,1
92821,20211122,1
92821,20220214,1
92821,20211221,2
92821,20211228,2
92821,20211123,1
92821,20220118,1
92821,20220215,1
92821,20211116,1
92821,20220315,1
92821,20211214,1
92821,20220111,1
92821,20220308,1
92821,20220208,1
92821,20211109,1
92821,20211207,1
92821,20220104,1
92821,20220301,1
92821,20220201,1
92821,20220125,1
92821,20220222,1
92821,20211102,1
92821,20211026,1
92821,20211019,1
92821,20211130,1
92821,20211222,2
92821,20211229,2
92821,20211201,1
92821,20211124,1
92821,20220119,1
92821,20211117,1
92821,20220316,1
92821,20211215,1
92821,20220112,1
92821,20220309,1
92821,20220209,1
92821,20211110,1
92821,20211208,1
92821,20220105,1
92821,20220302,1
92821,20220202,1
92821,20220223,1
92821,20220126,1
92821,20211013,1
92821,20220216,1
92821,20211103,1
92821,20211027,1
92821,20211020,1
92821,20211125,2
92821,20211223,2
92821,20211111,2
92821,20211230,2
92821,20220217,2
92821,20211021,1
92821,20211202,1
92821,20220120,1
92821,20211118,1
92821,20220317,1
92821,20220113,1
92821,20211216,1
92821,20220310,1
92821,20220210,1
92821,20220106,1
92821,20211209,1
92821,20220303,1
92821,20220203,1
92821,20220127,1
92821,20220224,1
92821,20211014,1
92821,20211104,1
92821,20211028,1
92821,20211126,2
92821,20211224,2
92821,20220311,2
92821,20211231,2
92821,20220218,2
92821,20211029,1
92821,20211022,1
92821,20211015,1
92821,20211203,1
92821,20220121,1
92821,20211119,1
92821,20220318,1
92821,20220114,1
92821,20211217,1
92821,20220211,1
92821,20211112,1
92821,20211210,1
92821,20220107,1
92821,20220204,1
92821,20220304,1
92821,20220128,1
92821,20220225,1
92821,20211105,1
90812,20220221,2
90812,20211227,2
90812,20220117,2
90812,20211220,2
90812,20211115,1
90812,20220314,1
90812,20220110,1
90812,20211213,1
90812,20220307,1
90812,20220207,1
90812,20220103,1
90812,20211206,1
90812,20220131,1
90812,20220228,1
90812,20220124,1
90812,20211101,1
90812,20211025,1
90812,20211018,1
90812,20211108,1
90812,20211129,1
90812,20211122,1
90812,20220214,1
90812,20211221,2
90812,20211228,2
90812,20220222,2
90812,20211123,1
90812,20220118,1
90812,20220215,1
90812,20211116,1
90812,20220315,1
90812,20211214,1
90812,20220111,1
90812,20220308,1
90812,20220208,1
90812,20211109,1
90812,20211207,1
90812,20220104,1
90812,20220201,1
90812,20220301,1
90812,20220125,1
90812,20211102,1
90812,20211026,1
90812,20211019,1
90812,20211130,1
90812,20211222,2
90812,20211229,2
90812,20220223,2
90812,20211201,1
90812,20211124,1
90812,20220119,1
90812,20211117,1
90812,20220316,1
90812,20211215,1
90812,20220112,1
90812,20220309,1
90812,20220209,1
90812,20211110,1
90812,20211208,1
90812,20220105,1
90812,20220302,1
90812,20220202,1
90812,20220126,1
90812,20220216,1
90812,20211103,1
90812,20211027,1
90812,20211020,1
90812,20211125,2
90812,20211223,2
90812,20211230,2
90812,20220224,2
90812,20211021,1
90812,20211202,1
90812,20220120,1
90812,20211118,1
90812,20220317,1
90812,20220113,1
90812,20211216,1
90812,20220310,1
90812,20220210,1
90812,20211111,1
90812,20220106,1
90812,20211209,1
90812,20220303,1
90812,20220203,1
90812,20220127,1
90812,20220217,1
90812,20211104,1
90812,20211028,1
90812,20211126,2
90812,20211224,2
90812,20211231,2
90812,20220225,2
90812,20211029,1
90812,20211022,1
90812,20211203,1
90812,20220121,1
90812,20211119,1
90812,20220318,1
90812,20220114,1
90812,20211217,1
90812,20220311,1
90812,20220211,1
90812,20211112,1
90812,20211210,1
90812,20220107,1
90812,20220204,1
90812,20220304,1
90812,20220128,1
90812,20220218,1
90812,20211105,1
89954,20220221,2
89954,20211101,2
89954,20211129,2
89954,20211227,2
89954,20220117,2
89954,20211220,2
89954,20211025,1
89954,20220228,1
89954,20220214,1
89954,20211018,1
89954,20211213,1
89954,20220207,1
89954,20211206,1
89954,20220131,1
89954,20211122,1
89954,20211108,1
89954,20220124,1
89954,20211115,1
89954,20220110,1
89954,20220307,1
89954,20220314,1
89954,20220103,1
89954,20220118,2
89954,20211221,2
89954,20211228,2
89954,20220222,2
89954,20211130,2
89954,20220111,1
89954,20211102,1
89954,20220308,1
89954,20211109,1
89954,20220315,1
89954,20220104,1
89954,20211026,1
89954,20220301,1
89954,20220215,1
89954,20211019,1
89954,20211214,1
89954,20220208,1
89954,20211207,1
89954,20220201,1
89954,20211123,1
89954,20220125,1
89954,20211116,1
89954,20211222,2
89954,20211229,2
89954,20220223,2
89954,20211201,1
89954,20211124,1
89954,20220119,1
89954,20211117,1
89954,20220316,1
89954,20211215,1
89954,20220112,1
89954,20220309,1
89954,20220209,1
89954,20211110,1
89954,20211208,1
89954,20220105,1
89954,20220302,1
89954,20220202,1
89954,20220126,1
89954,20211013,1
89954,20220216,1
89954,20211103,1
89954,20211027,1
89954,20211020,1
89954,20211125,2
89954,20211223,2
89954,20211230,2
89954,20220224,2
89954,20211021,1
89954,20211202,1
89954,20220120,1
89954,20211118,1
89954,20220317,1
89954,20220113,1
89954,20211216,1
89954,20220310,1
89954,20220210,1
89954,20211111,1
89954,20220106,1
89954,20211209,1
89954,20220303,1
89954,20220203,1
89954,20220127,1
89954,20211014,1
89954,20220217,1
89954,20211104,1
89954,20211028,1
89954,20211126,2
89954,20211224,2
89954,20211231,2
89954,20220225,2
89954,20211029,1
89954,20211022,1
89954,20211015,1
89954,20211203,1
89954,20220121,1
89954,20211119,1
89954,20220318,1
89954,20220114,1
89954,20211217,1
89954,20220311,1
89954,20220211,1
89954,20211112,1
89954,20211210,1
89954,20220107,1
89954,20220204,1
89954,20220304,1
89954,20220128,1
89954,20220218,1
89954,20211105,1
89266,20220221,2
89266,20211227,2
89266,20220117,2
89266,20211220,2
89266,20211115,1
89266,20220314,1
89266,20220110,1
89266,20211213,1
89266,20220307,1
89266,20220207,1
89266,20220103,1
89266,20211206,1
89266,20220131,1
89266,20220228,1
89266,20220124,1
89266,20211101,1
89266,20211025,1
89266,20211018,1
89266,20211108,1
89266,20211129,1
89266,20211122,1
89266,20220214,1
89266,20211221,2
89266,20211228,2
89266,20211123,1
89266,20220118,1
89266,20220215,1
89266,20211116,1
89266,20220315,1
89266,20211214,1
89266,20220111,1
89266,20220308,1
89266,20220208,1
89266,20211109,1
89266,20211207,1
89266,20220104,1
89266,20220301,1
89266,20220201,1
89266,20220125,1
89266,20220222,1
89266,20211102,1
89266,20211026,1
89266,20211019,1
89266,20211130,1
89266,20211222,2
89266,20211229,2
89266,20211201,1
89266,20211124,1
89266,20220119,1
89266,20211117,1
89266,20220316,1
89266,20211215,1
89266,20220112,1
89266,20220309,1
89266,20220209,1
89266,20211110,1
89266,20211208,1
89266,20220105,1
89266,20220302,1
89266,20220202,1
89266,20220223,1
89266,20220126,1
89266,20220216,1
89266,20211103,1
89266,20211027,1
89266,20211020,1
89266,20211125,2
89266,20211223,2
89266,20211111,2
89266,20211230,2
89266,20220217,2
89266,20220224,1
89266,20211216,1
89266,20220210,1
89266,20211202,1
89266,20211209,1
89266,20220203,1
89266,20220120,1
89266,20220127,1
89266,20211118,1
89266,20220113,1
89266,20211104,1
89266,20220310,1
89266,20220317,1
89266,20220106,1
89266,20211028,1
89266,20220303,1
89266,20211021,1
89266,20211126,2
89266,20211224,2
89266,20220311,2
89266,20211231,2
89266,20220218,2
89266,20220318,1
89266,20220107,1
89266,20211029,1
89266,20220304,1
89266,20211022,1
89266,20220225,1
89266,20211217,1
89266,20220211,1
89266,20211203,1
89266,20211210,1
89266,20220204,1
89266,20220121,1
89266,20220128,1
89266,20211119,1
89266,20220114,1
89266,20211105,1
89266,20211112,1
86399,20220221,2
86399,20211101,2
86399,20211129,2
86399,20211227,2
86399,20220117,2
86399,20211220,2
86399,20211025,1
86399,20220228,1
86399,20220214,1
86399,20211018,1
86399,20211213,1
86399,20220207,1
86399,20211206,1
86399,20220131,1
86399,20211122,1
86399,20211108,1
86399,20220124,1
86399,20211115,1
86399,20220110,1
86399,20220307,1
86399,20220314,1
86399,20220103,1
86399,20220118,2
86399,20211221,2
86399,20211228,2
86399,20220222,2
86399,20211130,2
86399,20220111,1
86399,20211102,1
86399,20220308,1
86399,20211109,1
86399,20220315,1
86399,20220104,1
86399,20211026,1
86399,20220301,1
86399,20220215,1
86399,20211019,1
86399,20211214,1
86399,20220208,1
86399,20211207,1
86399,20220201,1
86399,20211123,1
86399,20220125,1
86399,20211116,1
86399,20211222,2
86399,20211229,2
86399,20220223,2
86399,20211201,1
86399,20211124,1
86399,20220119,1
86399,20211117,1
86399,20220316,1
86399,20211215,1
86399,20220112,1
86399,20220309,1
86399,20220209,1
86399,20211110,1
86399,20211208,1
86399,20220105,1
86399,20220302,1
86399,20220202,1
86399,20220126,1
86399,20220216,1
86399,20211103,1
86399,20211027,1
86399,20211020,1
86399,20211125,2
86399,20211223,2
86399,20211230,2
86399,20220224,2
86399,20211021,1
86399,20211202,1
86399,20220120,1
86399,20211118,1
86399,20220317,1
86399,20220113,1
86399,20211216,1
86399,20220310,1
86399,20220210,1
86399,20211111,1
86399,20220106,1
86399,20211209,1
86399,20220303,1
86399,20220203,1
86399,20220127,1
86399,20220217,1
86399,20211104,1
86399,20211028,1
86399,20211126,2
86399,20211224,2
86399,20211231,2
86399,20220225,2
86399,20211029,1
86399,20211022,1
86399,20211203,1
86399,20220121,1
86399,20211119,1
86399,20220318,1
86399,20220114,1
86399,20211217,1
86399,20220311,1
86399,20220211,1
86399,20211112,1
86399,20211210,1
86399,20220107,1
86399,20220204,1
86399,20220304,1
86399,20220128,1
86399,20220218,1
86399,20211105,1
74875,20220221,2
74875,20211227,2
74875,20220117,2
74875,20211220,2
74875,20211115,1
74875,20220314,1
74875,20220110,1
74875,20211213,1
74875,20220307,1
74875,20220207,1
74875,20220103,1
74875,20211206,1
74875,20220131,1
74875,20220228,1
74875,20220124,1
74875,20211101,1
74875,20211025,1
74875,20211018,1
74875,20211108,1
74875,20211129,1
74875,20211122,1
74875,20220214,1
74875,20211221,2
74875,20211228,2
74875,20211123,1
74875,20220118,1
74875,20220215,1
74875,20211116,1
74875,20220315,1
74875,20211214,1
74875,20220111,1
74875,20220308,1
74875,20220208,1
74875,20211109,1
74875,20211207,1
74875,20220104,1
74875,20220301,1
74875,20220201,1
74875,20220125,1
74875,20220222,1
74875,20211102,1
74875,20211026,1
74875,20211019,1
74875,20211130,1
74875,20211201,2
74875,20211124,2
74875,20211222,2
74875,20220119,2
74875,20211117,2
74875,20220316,2
74875,20211215,2
74875,20220112,2
74875,20220309,2
74875,20220209,2
74875,20211110,2
74875,20211208,2
74875,20220105,2
74875,20220302,2
74875,20220202,2
74875,20211229,2
74875,20220223,2
74875,20220126,2
74875,20220216,2
74875,20211103,2
74875,20211027,2
74875,20211020,2
74875,20211013,1
74875,20211125,2
74875,20211223,2
74875,20211111,2
74875,20211230,2
74875,20220217,2
74875,20211021,1
74875,20211202,1
74875,20220120,1
74875,20211118,1
74875,20220317,1
74875,20220113,1
74875,20211216,1
74875,20220310,1
74875,20220210,1
74875,20220106,1
74875,20211209,1
74875,20220303,1
74875,20220203,1
74875,20220127,1
74875,20220224,1
74875,20211014,1
74875,20211104,1
74875,20211028,1
74875,20211126,2
74875,20211224,2
74875,20220311,2
74875,20211231,2
74875,20220218,2
74875,20211029,1
74875,20211022,1
74875,20211015,1
74875,20211203,1
74875,20220121,1
74875,20211119,1
74875,20220318,1
74875,20220114,1
74875,20211217,1
74875,20220211,1
74875,20211112,1
74875,20211210,1
74875,20220107,1
74875,20220204,1
74875,20220304,1
74875,20220128,1
74875,20220225,1
74875,20211105,1
71320,20220221,2
71320,20211227,2
71320,20220117,2
71320,20211220,2
71320,20211115,1
71320,20220314,1
71320,20220110,1
71320,20211213,1
71320,20220307,1
71320,20220207,1
71320,20220103,1
71320,20211206,1
71320,20220131,1
71320,20220228,1
71320,20220124,1
71320,20211101,1
71320,20211025,1
71320,20211018,1
71320,20211108,1
71320,20211129,1
71320,20211122,1
71320,20220214,1
71320,20211221,2
71320,20211228,2
71320,20211123,1
71320,20220118,1
71320,20220215,1
71320,20211116,1
71320,20220315,1
71320,20211214,1
71320,20220111,1
71320,20220308,1
71320,20220208,1
71320,20211109,1
71320,20211207,1
71320,20220104,1
71320,20220301,1
71320,20220201,1
71320,20220125,1
71320,20220222,1
71320,20211102,1
71320,20211026,1
71320,20211019,1
71320,20211130,1
71320,20211125,2
71320,20211223,2
71320,20211111,2
71320,20211230,2
71320,20220217,2
71320,20220224,1
71320,20211216,1
71320,20220210,1
71320,20211202,1
71320,20211209,1
71320,20220203,1
71320,20220120,1
71320,20220127,1
71320,20211118,1
71320,20220113,1
71320,20211104,1
71320,20220310,1
71320,20220317,1
71320,20220106,1
71320,20211028,1
71320,20220303,1
71320,20211021,1
71320,20211126,2
71320,20211224,2
71320,20220311,2
71320,20211231,2
71320,20220218,2
71320,20220318,1
71320,20220107,1
71320,20211029,1
71320,20220304,1
71320,20211022,1
71320,20220225,1
71320,20211217,1
71320,20220211,1
71320,20211203,1
71320,20211210,1
71320,20220204,1
71320,20220121,1
71320,20220128,1
71320,20211119,1
71320,20220114,1
71320,20211105,1
71320,20211112,1
29622,20211115,2
29622,20220314,2
29622,20220110,2
29622,20211213,2
29622,20220307,2
29622,20220207,2
29622,20220103,2
29622,20211206,2
29622,20220228,2
29622,20220131,2
29622,20220124,2
29622,20211101,2
29622,20211025,2
29622,20211108,2
29622,20211129,2
29622,20211122,2
29622,20220214,2
29622,20220221,1
29622,20211227,1
29622,20211220,1
29622,20220117,1
29622,20211123,2
29622,20220118,2
29622,20220215,2
29622,20211116,2
29622,20220315,2
29622,20211214,2
29622,20220111,2
29622,20220308,2
29622,20220208,2
29622,20211109,2
29622,20211207,2
29622,20220104,2
29622,20220301,2
29622,20220201,2
29622,20220222,2
29622,20220125,2
29622,20211102,2
29622,20211026,2
29622,20211130,2
29622,20211221,1
29622,20211228,1
29622,20211021,2
29622,20211202,2
29622,20211125,2
29622,20220120,2
29622,20211118,2
29622,20220113,2
29622,20211216,2
29622,20220310,2
29622,20220210,2
29622,20220106,2
29622,20211209,2
29622,20220303,2
29622,20220203,2
29622,20220224,2
29622,20220127,2
29622,20211104,2
29622,20211028,2
29622,20220217,1
29622,20211230,1
29622,20211111,1
29622,20211223,1
29622,20211029,2
29622,20211022,2
29622,20211203,2
29622,20220121,2
29622,20211224,2
29622,20211119,2
29622,20220114,2
29622,20211217,2
29622,20220211,2
29622,20211112,2
29622,20211210,2
29622,20220107,2
29622,20220304,2
29622,20220204,2
29622,20211231,2
29622,20220225,2
29622,20220128,2
29622,20211105,2
29622,20220311,1
29622,20211126,1
29622,20220218,1
27116,20211115,2
27116,20220110,2
27116,20211213,2
27116,20220307,2
27116,20220207,2
27116,20220103,2
27116,20211206,2
27116,20220228,2
27116,20220131,2
27116,20220124,2
27116,20211101,2
27116,20211025,2
27116,20211018,2
27116,20211108,2
27116,20211129,2
27116,20211227,2
27116,20211122,2
27116,20211220,2
27116,20220214,2
27116,20220221,1
27116,20220117,1
27116,20211021,2
27116,20211202,2
27116,20211223,2
27116,20220120,2
27116,20211118,2
27116,20220113,2
27116,20211216,2
27116,20220310,2
27116,20220210,2
27116,20211111,2
27116,20220106,2
27116,20211209,2
27116,20220303,2
27116,20220203,2
27116,20211230,2
27116,20220224,2
27116,20220127,2
27116,20220217,2
27116,20211104,2
27116,20211028,2
27116,20211125,1
27116,20220219,2
27116,20220122,2
27116,20211106,2
27116,20211030,2
27116,20211023,2
27116,20211127,2
27116,20211120,2
27116,20211218,2
27116,20220115,2
27116,20220312,2
27116,20220212,2
27116,20211113,2
27116,20211211,2
27116,20220108,2
27116,20220305,2
27116,20220205,2
27116,20211204,2
27116,20220226,2
27116,20220129,2
27116,20220101,1
27116,20211225,1
26203,20211021,2
26203,20211202,2
26203,20211223,2
26203,20220120,2
26203,20211118,2
26203,20220113,2
26203,20211216,2
26203,20220310,2
26203,20220210,2
26203,20211111,2
26203,20220106,2
26203,20211209,2
26203,20220303,2
26203,20220203,2
26203,20211230,2
26203,20220224,2
26203,20220127,2
26203,20220217,2
26203,20211104,2
26203,20211028,2
26203,20211125,1
26203,20211029,2
26203,20211022,2
26203,20211203,2
26203,20211126,2
26203,20220121,2
26203,20211119,2
26203,20220114,2
26203,20211217,2
26203,20220311,2
26203,20220211,2
26203,20211112,2
26203,20211210,2
26203,20220107,2
26203,20220304,2
26203,20220204,2
26203,20220225,2
26203,20220128,2
26203,20220218,2
26203,20211105,2
26203,20211231,1
26203,20211224,1
25309,20211115,2
25309,20220110,2
25309,20211213,2
25309,20220307,2
25309,20220207,2
25309,20220103,2
25309,20211206,2
25309,20220228,2
25309,20220131,2
25309,20220124,2
25309,20211101,2
25309,20211025,2
25309,20211018,2
25309,20211108,2
25309,20211129,2
25309,20211227,2
25309,20211122,2
25309,20211220,2
25309,20220214,2
25309,20220221,1
25309,20220117,1
25309,20220219,2
25309,20220122,2
25309,20211106,2
25309,20211030,2
25309,20211023,2
25309,20211127,2
25309,20211225,2
25309,20211120,2
25309,20211218,2
25309,20220115,2
25309,20220312,2
25309,20220212,2
25309,20211113,2
25309,20211211,2
25309,20220108,2
25309,20220305,2
25309,20220205,2
25309,20211204,2
25309,20220226,2
25309,20220129,2
25309,20220101,1
21405,20211115,2
21405,20220110,2
21405,20211213,2
21405,20220307,2
21405,20220207,2
21405,20220103,2
21405,20211206,2
21405,20220228,2
21405,20220131,2
21405,20220124,2
21405,20211101,2
21405,20211025,2
21405,20211018,2
21405,20211108,2
21405,20211129,2
21405,20211227,2
21405,20211122,2
21405,20211220,2
21405,20220214,2
21405,20220221,1
21405,20220117,1
21405,20211029,2
21405,20211022,2
21405,20211203,2
21405,20220121,2
21405,20211224,2
21405,20211119,2
21405,20220114,2
21405,20211217,2
21405,20220311,2
21405,20220211,2
21405,20211112,2
21405,20211210,2
21405,20220107,2
21405,20220304,2
21405,20220204,2
21405,20211231,2
21405,20220225,2
21405,20220128,2
21405,20220218,2
21405,20211105,2
21405,20211126,1
20221,20211225,2
20221,20220101,2
20221,20220219,1
20221,20220122,1
20221,20211106,1
20221,20211030,1
20221,20211023,1
20221,20211016,1
20221,20211127,1
20221,20211120,1
20221,20211218,1
20221,20220115,1
20221,20220312,1
20221,20220212,1
20221,20211113,1
20221,20211211,1
20221,20220108,1
20221,20220305,1
20221,20220205,1
20221,20211204,1
20221,20220226,1
20221,20220129,1
18899,20211225,2
18899,20220101,2
18899,20220219,1
18899,20220122,1
18899,20211106,1
18899,20211030,1
18899,20211023,1
18899,20211016,1
18899,20211127,1
18899,20211120,1
18899,20211218,1
18899,20220115,1
18899,20220312,1
18899,20220212,1
18899,20211113,1
18899,20211211,1
18899,20220108,1
18899,20220305,1
18899,20220205,1
18899,20211204,1
18899,20220226,1
18899,20220129,1
17333,20211124,2
17333,20211222,2
17333,20211229,2
17333,20211201,1
17333,20220119,1
17333,20211117,1
17333,20220316,1
17333,20211215,1
17333,20220112,1
17333,20220309,1
17333,20220209,1
17333,20211110,1
17333,20211208,1
17333,20220105,1
17333,20220302,1
17333,20220202,1
17333,20220223,1
17333,20220126,1
17333,20220216,1
17333,20211103,1
17333,20211027,1
17333,20211020,1
14543,20220214,2
14543,20211213,2
14543,20220207,2
14543,20211206,2
14543,20220131,2
14543,20211122,2
14543,20211108,2
14543,20220124,2
14543,20211115,2
14543,20220110,2
14543,20220103,2
14543,20220221,1
14543,20211227,1
14543,20211220,1
14543,20211101,1
14543,20220117,1
14543,20211129,1
14543,20220111,2
14543,20211102,2
14543,20211109,2
14543,20220104,2
14543,20220215,2
14543,20211214,2
14543,20220208,2
14543,20211207,2
14543,20220201,2
14543,20211123,2
14543,20220125,2
14543,20211116,2
14543,20211221,1
14543,20220118,1
14543,20211130,1
14543,20220222,1
14543,20211228,1
14543,20220202,2
14543,20211124,2
14543,20220119,2
14543,20220126,2
14543,20211117,2
14543,20220112,2
14543,20211103,2
14543,20211110,2
14543,20220105,2
14543,20211215,2
14543,20220209,2
14543,20211201,2
14543,20220216,2
14543,20211208,2
14543,20220223,1
14543,20211229,1
14543,20211222,1
14543,20211216,2
14543,20220210,2
14543,20211202,2
14543,20220217,2
14543,20211209,2
14543,20220203,2
14543,20211125,2
14543,20220120,2
14543,20220127,2
14543,20211118,2
14543,20220113,2
14543,20211104,2
14543,20211111,2
14543,20220106,2
14543,20211230,1
14543,20211223,1
14543,20220224,1
14543,20220107,2
14543,20211224,2
14543,20211231,2
14543,20211217,2
14543,20220211,2
14543,20211203,2
14543,20220218,2
14543,20211210,2
14543,20220204,2
14543,20220121,2
14543,20220128,2
14543,20211119,2
14543,20220114,2
14543,20211105,2
14543,20211112,2
14543,20211126,1
14543,20220225,1
11676,20220228,2
11676,20220214,2
11676,20211213,2
11676,20220207,2
11676,20211129,2
11676,20211206,2
11676,20220131,2
11676,20211122,2
11676,20220124,2
11676,20211115,2
11676,20220110,2
11676,20220307,2
11676,20220103,2
11676,20220221,1
11676,20211227,1
11676,20211220,1
11676,20220117,1
11676,20220111,2
11676,20220308,2
11676,20220104,2
11676,20220301,2
11676,20220215,2
11676,20220222,2
11676,20211214,2
11676,20220208,2
11676,20211130,2
11676,20211207,2
11676,20220201,2
11676,20211123,2
11676,20220118,2
11676,20220125,2
11676,20211116,2
11676,20211221,1
11676,20211228,1
11676,20220202,2
11676,20211124,2
11676,20220119,2
11676,20220126,2
11676,20211117,2
11676,20220112,2
11676,20220309,2
11676,20220105,2
11676,20220302,2
11676,20220223,2
11676,20211215,2
11676,20220209,2
11676,20211201,2
11676,20220216,2
11676,20211208,2
11676,20211229,1
11676,20211222,1
11676,20211202,2
11676,20211125,2
11676,20220120,2
11676,20211118,2
11676,20220113,2
11676,20211216,2
11676,20220310,2
11676,20220210,2
11676,20220106,2
11676,20211209,2
11676,20220303,2
11676,20220203,2
11676,20220127,2
11676,20220224,2
11676,20220217,1
11676,20211230,1
11676,20211111,1
11676,20211223,1
11676,20211203,2
11676,20220121,2
11676,20211224,2
11676,20211119,2
11676,20220114,2
11676,20211217,2
11676,20220211,2
11676,20211112,2
11676,20211210,2
11676,20220107,2
11676,20220204,2
11676,20220304,2
11676,20211231,2
11676,20220128,2
11676,20220225,2
11676,20220311,1
11676,20211126,1
11676,20220218,1
10130,20220214,2
10130,20211213,2
10130,20220207,2
10130,20211129,2
10130,20211206,2
10130,20220131,2
10130,20220124,2
10130,20220110,2
10130,20220103,2
10130,20220221,1
10130,20211227,1
10130,20211220,1
10130,20220117,1
10130,20220111,2
10130,20220104,2
10130,20220215,2
10130,20211214,2
10130,20220208,2
10130,20211130,2
10130,20211207,2
10130,20220201,2
10130,20220118,2
10130,20220125,2
10130,20211221,1
10130,20220222,1
10130,20211228,1
10130,20220202,2
10130,20220119,2
10130,20220126,2
10130,20220112,2
10130,20220105,2
10130,20211215,2
10130,20220209,2
10130,20211201,2
10130,20220216,2
10130,20211208,2
10130,20220223,1
10130,20211229,1
10130,20211222,1
10130,20211216,2
10130,20220210,2
10130,20211202,2
10130,20220217,2
10130,20211209,2
10130,20220203,2
10130,20220120,2
10130,20220127,2
10130,20220113,2
10130,20220106,2
10130,20211230,1
10130,20211223,1
10130,20220224,1
10130,20220107,2
10130,20211224,2
10130,20211231,2
10130,20211217,2
10130,20220211,2
10130,20211203,2
10130,20220218,2
10130,20211210,2
10130,20220204,2
10130,20220121,2
10130,20220128,2
10130,20220114,2
10130,20211126,1
10130,20220225,1
